222802077,Elif Vural
Dosya Boyut,Optimal Maliyet,Müşteriye atanan depolar

50,525021.2778616737,21 3 8 17 17 21 12 1 20 17 8 8 21 1 12 1 17 25 12 20 15 1 12 1 25 1 12 25 20 1 25 1 25 1 12 1 20 1 12 1 20 17 25 1 12 1 25 20 15 1

50,76236.50234553024,45 13 13 40 8 1 45 1 45 8 45 1 8 1 8 1 13 13 8 13 8 1 45 1 13 1 40 40 8 1 45 1 13 1 13 1 45 1 13 45 45 45 40 1 13 1 13 1 13 1

200,3100.0952666370017,35 108 4 35 44 44 4 108 44 35 4 35 134 134 134 35 108 134 44 108 35 35 108 44 108 134 108 4 108 134 134 108 35 4 35 134 35 134 4 4 108 44 44 35 134 35 44 108 35 35 35 44 35 108 35 108 35 44 35 4 4 134 35 108 35 134 134 35 35 108 44 35 35 35 4 35 134 44 4 108 44 44 4 4 44 44 44 134 44 4 35 108 4 35 134 108 35 4 108 44 134 108 134 35 4 134 35 35 35 35 4 108 4 108 108 35 134 4 108 134 4 4 44 44 108 134 134 4 35 4 44 108 44 108 35 108 134 134 108 44 44 4 44 35 4 4 108 108 134 44 4 44 44 134 108 108 134 44 108 134 108 44 44 134 134 134 134 4 4 4 4 44 35 44 4 4 108 44 44 4 35 35 35 35 35 4 4 35 134 4 35 134 4 44 108 35 134 4 134 44

300,4548.351872002918,46 155 46 176 203 46 46 141 141 141 46 176 155 46 176 155 176 141 141 141 155 176 141 155 46 203 141 46 176 155 203 141 141 176 176 141 46 176 155 141 176 141 141 176 176 176 176 155 155 203 176 155 141 176 176 141 155 203 155 176 46 176 46 46 155 176 141 46 176 46 155 46 155 203 155 46 141 141 155 46 155 46 46 155 46 46 176 176 203 176 176 155 176 141 141 141 155 203 155 176 176 141 155 46 141 141 176 203 155 155 46 176 176 176 155 141 141 176 141 141 176 203 141 155 155 141 141 141 203 155 141 155 203 176 176 46 176 176 176 46 141 46 203 176 203 203 141 141 141 155 155 176 155 155 46 46 176 46 176 203 176 155 176 155 176 46 46 176 155 141 176 176 155 176 141 176 176 176 203 155 46 155 141 141 141 203 155 176 176 46 155 155 46 46 203 46 176 155 203 176 203 176 155 176 141 141 203 203 176 155 176 155 141 46 141 141 141 46 176 155 176 176 46 141 203 176 46 155 141 141 141 176 203 141 155 203 141 46 141 155 155 155 176 203 46 203 176 155 46 155 155 46 141 141 176 46 141 155 176 155 46 46 141 176 176 46 141 141 141 155 203 176 155 155 155 46 176 141 46 46 176 203 46 176 141 155 155 176 141 176 203 176 176 155 176 155 203 176 46 141

500,10522.539622830687,194 194 352 496 352 496 352 352 194 496 236 410 194 236 352 352 236 408 273 273 352 410 273 410 496 352 352 236 273 194 236 273 236 496 194 410 496 352 194 410 352 352 236 352 236 410 352 408 194 410 410 236 236 410 194 410 236 352 408 236 273 236 194 194 236 410 273 273 194 496 194 236 410 410 273 273 496 194 410 496 236 408 194 194 273 194 352 496 496 273 194 273 410 273 273 352 194 496 352 273 410 496 273 496 410 236 194 236 273 410 408 273 194 496 410 236 352 236 352 273 352 236 236 408 194 273 410 496 194 194 273 194 194 273 410 273 352 236 273 194 410 194 408 236 352 352 273 273 496 410 273 352 410 352 273 194 273 410 194 194 194 496 352 496 273 273 408 194 194 194 352 194 194 273 496 352 194 352 273 496 236 352 410 352 496 410 236 408 352 194 352 410 408 236 352 352 496 236 273 352 352 410 352 408 496 273 273 273 273 496 194 273 273 496 410 194 194 496 410 496 273 236 410 410 273 496 408 352 496 408 194 194 410 352 352 352 352 236 194 194 236 408 194 410 352 352 194 236 273 273 194 236 273 496 236 236 408 236 352 352 194 410 194 273 273 273 194 194 408 352 194 408 273 410 194 273 352 410 352 194 236 408 352 408 273 236 236 194 352 410 236 408 273 194 496 273 408 236 496 273 352 496 273 352 352 273 236 352 273 352 408 273 352 194 194 194 194 408 352 273 273 273 273 408 194 496 352 194 352 273 236 408 410 352 496 273 194 352 410 410 194 273 273 352 352 236 352 194 496 410 352 194 496 236 352 273 408 352 352 352 410 273 496 236 408 408 273 194 236 410 194 352 273 410 496 352 194 352 236 273 410 352 194 194 410 273 410 236 236 352 352 410 236 194 352 194 352 352 236 352 273 408 236 352 410 352 496 496 410 236 408 236 352 410 273 236 194 410 410 273 408 352 273 410 273 352 496 273 410 410 352 273 408 194 273 273 410 194 273 236 273 408 273 352 194 408 352 236 194 410 408 194 194 236 410 352 352 352 408 352 410 408 194 273 236 410 236 273 410 273 236 410 273 352 352 194 496 408 194 352 236 352 236 273 236 352 236 410 194 273 408 496 410 194 273 236 194 194 410 194

